$ANSIBLE_VAULT;1.1;AES256
37626561666135303230313638366139323662656438323234373862396634396232376665383935
3138386231383362356533313666653232333535393139390a633566656137336634636162633834
36653664363665653266656565323530326539623161303037386366663461396531613265636637
3566343464393262330a323130376230303135343432386562326130616134376433646264366163
33373733316533396539363230326365336435303563613164373239623166366531643139386533
38613461346166666434383466663034306262353536343464356630613531373666623032346132
34623463353564306462666638653066316139326261656565313938343334333431313066326463
35323466626539333930396366633662636630316465646338396536623733303331383038346561
32306231353739326538323038663134363336643138393832343434636234613663393336316534
39353965643431373834323138623132353366336565623035303862316636393836633465336566
62666438363333633962356537383835323138663662663732366631373732393037383861633761
64316465303263633839313833366237343635626233623234393331643762313266316339626363
31336431653766633164373332653735313465373363373233663937303965303662323865346264
36316661383365623739393039633732346437626365383562323263313136303734346465343966
30306535643931353839656264383331616664653466663335366332613631356265626138326661
39386561633962326534326633396362333630303366643362363533343438343535383536336237
38363865656563396537383334383264613265633036616363666634366432636634656564613933
66373232616438623361303737643864393533666262333231653537656264336266363333383262
66396337373236303866363861313835636332306361323132363963653865363561333934666130
62373238623464323939366361303337626463383264653033323235343162643232373765643065
66663231626131326263393133643433356530333765386561326335353238376532
