$ANSIBLE_VAULT;1.1;AES256
34393961613935366433303230653566656631643265353832323030643963333662303831636639
3439363033643564303334373337646639643131373066390a336262336161643834666363343764
62326436646435326365663634303566383861323235356339306461356463623530626663626232
6336663736333161650a663563313035326539666664626139653531663331663862616636623131
31363563343833303334666234343133656166616139613864663334313030653635346135643763
35336332356535313135633031666366303333346162323166393835323166326332356435663830
34356532386631666538323034616232333030306664363766373563643066636336663364326134
63346230386337323961356131383233663039333835313466346538643761643264316566383064
63653135336630363261393336386266313937363338353532323832393631656263626136306636
66343562663766313431313666306437353365366135646364363932356439653236643536326538
35663832613731633433633064343461323536316332386331343566336236366238386533653963
62616230343136356363626561626665353436343836323661643765643339626636613831313533
37333161303364633738613865303030383333393865316631636562656139396330363730343062
34353865356334636134323634343233313738303665323435613231313066656436343238333231
64373131306465383130383362656466373166376261336162356436613132346536666633623133
39656139373364333238653162333637383765336662323565396461646136346665336362373339
33616430646464653337363734613330613166326236323862323830623930633338666338336264
30333239393839323434376264653431326433313165633930396139306661333535326236386637
63636266383133656639613061336463636363376334333035613639323530323634663039353237
31616562616264353835626361306232386266303331363939303838363437363965303139623466
34316130363838303433666537343564343438373235386538633865313166303362356465376161
33633765326533616233363163343166316365306439626465633838663766333534363439306531
32666639383464386531646466376631313330303630653431313536303731353664383332666230
31323339353830373862366332616163366632326630353564393239383738643834623966353034
64633165303162303934643338386536356531353739353232616363356164366230646338633230
61306632303538663535313239653036303764383132376137666666363464396664363135643831
37363633356438356664373730663533396438663362363464653238633862313466393330326261
63363863663930653930656637613136613730373833323439326137336532613036666535336666
37643434623762626131656561303861636633643532353530663732363036306535623662626636
32376539663463666264356365376139303638616563336333613231333335383433303036323934
633938646430306262323263666638633966
